[
[3, 0.00025289]
[4, 0.000233785]
[5, 0.000188745]
[6, 0.000169527]
[7, 0.000137038]
[8, 0.000121881]
[9, 0.000106127]
[10, 0.000104046]
[11, 9.36628e-05]
[12, 8.48295e-05]
[13, 7.92055e-05]
[14, 7.38213e-05]
[15, 6.88201e-05]
[16, 6.50999e-05]
[17, 6.10319e-05]
[18, 5.72218e-05]
[19, 5.47261e-05]
[20, 5.20633e-05]
[21, 4.97177e-05]
[22, 4.76704e-05]
[23, 4.56062e-05]
[24, 4.34304e-05]
[25, 4.20416e-05]
[26, 4.0495e-05]
[27, 3.90273e-05]
[28, 3.78408e-05]
[29, 3.65309e-05]
[30, 3.52366e-05]
[31, 3.42755e-05]
[32, 3.3264e-05]
[33, 3.23331e-05]
[34, 3.1519e-05]
[35, 3.06331e-05]
[36, 2.9688e-05]
[37, 2.90593e-05]
[38, 2.83727e-05]
[39, 2.76818e-05]
[40, 2.71002e-05]
[41, 2.64245e-05]
[42, 2.57651e-05]
[43, 2.53176e-05]
[44, 2.47834e-05]
[45, 2.43056e-05]
[46, 2.38514e-05]
[47, 2.33333e-05]
[48, 2.2838e-05]
[49, 2.24894e-05]
[50, 2.20272e-05]
[51, 2.16877e-05]
[52, 2.1326e-05]
[53, 2.09432e-05]
[54, 2.05737e-05]
[55, 2.02789e-05]
[56, 1.99356e-05]
[57, 1.96322e-05]
[58, 1.93378e-05]
[59, 1.90604e-05]
[60, 1.87271e-05]
[61, 1.8497e-05]
[62, 1.82033e-05]
[63, 1.79782e-05]
[64, 1.77474e-05]
[65, 1.74882e-05]
[66, 1.72314e-05]
[67, 1.69363e-05]
[68, 1.68007e-05]
[69, 1.58238e-05]
[70, 1.64359e-05]
[71, 1.62024e-05]
[72, 1.5982e-05]
[73, 1.55453e-05]
[74, 1.56507e-05]
[75, 1.54628e-05]
[76, 1.51355e-05]
[77, 1.48126e-05]
[78, 1.49592e-05]
[79, 1.47716e-05]
[80, 1.46397e-05]
[81, 1.44092e-05]
[82, 1.43426e-05]
[83, 1.42057e-05]
[84, 1.3161e-05]
[85, 1.38663e-05]
[86, 1.37291e-05]
[87, 1.36407e-05]
[88, 1.32364e-05]
[89, 1.33808e-05]
[90, 1.32022e-05]
[91, 1.31557e-05]
[92, 1.29605e-05]
[93, 1.28358e-05]
[94, 1.27717e-05]
[95, 1.22489e-05]
[96, 1.24832e-05]
[97, 1.24874e-05]
[98, 1.2253e-05]
[99, 1.22687e-05]
]
