[
[3, 0.695471]
[4, 0.695276]
[5, 0.695232]
[6, 0.69516]
[7, 0.695052]
[8, 0.695003]
[9, 0.694962]
[10, 0.694949]
[11, 0.694923]
[12, 0.694907]
[13, 0.694884]
[14, 0.694868]
[15, 0.694856]
[16, 0.694842]
[17, 0.694833]
[18, 0.694825]
[19, 0.694815]
[20, 0.694808]
[21, 0.694801]
[22, 0.694795]
[23, 0.69479]
[24, 0.694786]
[25, 0.69478]
[26, 0.694775]
[27, 0.694771]
[28, 0.694767]
[29, 0.694764]
[30, 0.694762]
[31, 0.694758]
[32, 0.694755]
[33, 0.694753]
[34, 0.69475]
[35, 0.694748]
[36, 0.694746]
[37, 0.694743]
[38, 0.694741]
[39, 0.694739]
[40, 0.694737]
[41, 0.694736]
[42, 0.694734]
[43, 0.694733]
[44, 0.694731]
[45, 0.69473]
[46, 0.694729]
[47, 0.694727]
[48, 0.694726]
[49, 0.694725]
[50, 0.694724]
[51, 0.694723]
[52, 0.694721]
[53, 0.69472]
[54, 0.69472]
[55, 0.694719]
[56, 0.694718]
[57, 0.694717]
[58, 0.694716]
[59, 0.694715]
[60, 0.694714]
[61, 0.694714]
[62, 0.694713]
[63, 0.694712]
[64, 0.694711]
[65, 0.694711]
[66, 0.69471]
[67, 0.694709]
[68, 0.694709]
[69, 0.694706]
[70, 0.694708]
[71, 0.694707]
[72, 0.694707]
[73, 0.694705]
[74, 0.694706]
[75, 0.694705]
[76, 0.694704]
[77, 0.694703]
[78, 0.694704]
[79, 0.694703]
[80, 0.694703]
[81, 0.694702]
[82, 0.694702]
[83, 0.694702]
[84, 0.694699]
[85, 0.694701]
[86, 0.6947]
[87, 0.6947]
[88, 0.694699]
[89, 0.694699]
[90, 0.694699]
[91, 0.694699]
[92, 0.694698]
[93, 0.694698]
[94, 0.694697]
[95, 0.694696]
[96, 0.694697]
[97, 0.694697]
[98, 0.694696]
[99, 0.694696]
]
