[
[3, 8.42966e-05]
[4, 5.84463e-05]
[5, 3.77491e-05]
[6, 2.82544e-05]
[7, 1.95769e-05]
[8, 1.52351e-05]
[9, 1.17919e-05]
[10, 1.04046e-05]
[11, 8.5148e-06]
[12, 7.06912e-06]
[13, 6.09273e-06]
[14, 5.27295e-06]
[15, 4.58801e-06]
[16, 4.06874e-06]
[17, 3.59011e-06]
[18, 3.17899e-06]
[19, 2.88032e-06]
[20, 2.60317e-06]
[21, 2.36751e-06]
[22, 2.16684e-06]
[23, 1.98288e-06]
[24, 1.8096e-06]
[25, 1.68166e-06]
[26, 1.5575e-06]
[27, 1.44546e-06]
[28, 1.35146e-06]
[29, 1.25969e-06]
[30, 1.17455e-06]
[31, 1.10566e-06]
[32, 1.0395e-06]
[33, 9.7979e-07]
[34, 9.27029e-07]
[35, 8.75232e-07]
[36, 8.24666e-07]
[37, 7.85387e-07]
[38, 7.4665e-07]
[39, 7.09791e-07]
[40, 6.77505e-07]
[41, 6.445e-07]
[42, 6.13456e-07]
[43, 5.88782e-07]
[44, 5.63259e-07]
[45, 5.40125e-07]
[46, 5.18509e-07]
[47, 4.96453e-07]
[48, 4.75793e-07]
[49, 4.58968e-07]
[50, 4.40544e-07]
[51, 4.25249e-07]
[52, 4.10116e-07]
[53, 3.95155e-07]
[54, 3.80994e-07]
[55, 3.68707e-07]
[56, 3.55993e-07]
[57, 3.44424e-07]
[58, 3.33411e-07]
[59, 3.23057e-07]
[60, 3.12119e-07]
[61, 3.0323e-07]
[62, 2.93602e-07]
[63, 2.85368e-07]
[64, 2.77304e-07]
[65, 2.69049e-07]
[66, 2.61082e-07]
[67, 2.52781e-07]
[68, 2.47069e-07]
[69, 2.2933e-07]
[70, 2.34798e-07]
[71, 2.28203e-07]
[72, 2.21972e-07]
[73, 2.12949e-07]
[74, 2.11496e-07]
[75, 2.06171e-07]
[76, 1.99151e-07]
[77, 1.92372e-07]
[78, 1.91785e-07]
[79, 1.86983e-07]
[80, 1.82996e-07]
[81, 1.77891e-07]
[82, 1.74909e-07]
[83, 1.71154e-07]
[84, 1.56678e-07]
[85, 1.63132e-07]
[86, 1.59641e-07]
[87, 1.5679e-07]
[88, 1.50413e-07]
[89, 1.50346e-07]
[90, 1.46692e-07]
[91, 1.44568e-07]
[92, 1.40875e-07]
[93, 1.38019e-07]
[94, 1.35869e-07]
[95, 1.28935e-07]
[96, 1.30033e-07]
[97, 1.28736e-07]
[98, 1.2503e-07]
[99, 1.23926e-07]
]
