[
[3, 
0.00288637152028732897532711639696473455
]
[5, 
0.00259864108360376672920579732249762177
]
[7, 
0.00246413183619572278286687725415927606
]
[8, 
0.00242544130056131436602828386093727997
]
[10, 
0.00240610942723331619381333238754622598
]
[11, 
0.00239152237343338616754821257890413859
]
[14, 
0.00236901236716615441734222156218335434
]
[16, 
0.00237243335490237874381039034735786546
]
[17, 
0.00237097789758229989285064925775255862
]
[18, 
0.00237630287057845374404329403360012756
]
[19, 
0.00238535017015476232600400862163739742
]
[20, 
0.00238832508925514656319817333295739019
]
[23, 
0.0024003758725004591825592434242067658
]
[25, 
0.00240976271831083707754710021479496587
]
[26, 
0.00241286081551733128357017851136867617
]
[28, 
0.00242179181122985744377101923047089267
]
[29, 
0.0024274977233382975310096175650515479
]
[38, 
0.0024772063185122801044650214662810143
]
[40, 
0.00248936107722612352835159352753240698
]
[42, 
0.00250752399639750533299426073201499157
]
[44, 
0.00253588977697191521355909538334142931
]
[45, 
0.00254135552193415567453122515249312348
]
[47, 
0.0025627482233783992645069509885344322
]
[48, 
0.00258395730803478591869374499461101682
]
[49, 
0.00256854921054821394189118276591049369
]
[50, 
0.00256658035686167390028961022163988232
]
[51, 
0.00258951708561285207542357474285769224
]
[55, 
0.00259802513444461367494902771565765519
]
[61, 
0.00264101285167029972772516808510102151
]
[63, 
0.00273037037826618844439805279427119933
]
[67, 
0.00278287757668720421718422219311867868
]
[68, 
0.0027035978389540834541879099880157686
]
[71, 
0.00274674739662099592634252705817753234
]
[73, 
0.00276753445533552509346018192352414243
]
[74, 
0.00274423876698887591945540710551729385
]
[75, 
0.00276966441879829870159928855160214563
]
[79, 
0.00280957063249012361427239096976170328
]
[82, 
0.00298023696190979693264562437970421414
]
[83, 
0.00296037686136651369424988565326827893
]
[85, 
0.00285873227270886915288243834150101258
]
[88, 
0.00303890081171321135391584140207389974
]
[89, 
0.00305759056534425949807930261546976252
]
[90, 
0.00303146487981319169049702150981301838
]
[92, 
0.00308416640252654220640305006625381348
]
[95, 
0.00322738990032152705817729738542493982
]
[96, 
0.00320913273653995937646636063468384937
]
[97, 
0.00294963438386422435728134747758818823
]
[98, 
0.00295098693632008237278725247960680351
]
[99, 
0.00296618286573906294939280539415052837
]
[70, 
0.00274583314790846545176869849517666163
]
[39, 
0.0024886496373498672627125040803712868
]
[15, 
0.00236543884392889240273190490991291984
]
[24, 
0.00240304748012965109717394672641509417
]
[31, 
0.00244809941428697057993248281852949625
]
[54, 
0.00261921476670662295299870199210951318
]
[64, 
0.00277653598867630315284354980625728167
]
[32, 
0.00245546448544595793938362435926174188
]
[62, 
0.00264622085900417230863585438546731788
]
[80, 
0.00281885598271372124872550215573354941
]
[59, 
0.00272722857218465023212430151415958693
]
[72, 
0.00275959566787792159702096736204669964
]
[27, 
0.00242102862215945814237607170807595874
]
[30, 
0.00243602644997721836475478087074045827
]
[65, 
0.00273588087199594660378685512502580711
]
[60, 
0.00273875326098031476706070782476787723
]
[43, 
0.00252213403125165149396635256455273841
]
[58, 
0.00262017502630867165322263857888106525
]
[37, 
0.0024841911251403553829570416342315208
]
[41, 
0.00249762370595220095428781589799567195
]
[33, 
0.0024574064356857708335428341247879325
]
[77, 
0.0029380385325047596233783436030747077
]
[36, 
0.00247083938746050456349937256070060032
]
[12, 
0.00238077366469418683470176587912539452
]
[76, 
0.00294910432257985784610911448645265565
]
[22, 
0.00239392141210594256577025586547062052
]
[52, 
0.00259269804831077115375245672511978438
]
[56, 
0.00260686089517668608636173680833993187
]
[69, 
0.00283541575203432049323109337950787106
]
[46, 
0.00255506570206463702163174714862316473
]
[13, 
0.00237486907639997525695144938252195606
]
[53, 
0.00260290295222432934705060534068430418
]
[35, 
0.00247016030421463920791926061183597547
]
[34, 
0.00246367849412364184515830130676290509
]
[57, 
0.00261098168281759858698086800720725277
]
[21, 
0.00239090273092783705723376024938504148
]
[66, 
0.00266648461961199793536947869103763525
]
[4, 
0.0026971473600138829525550706287427305
]
[78, 
0.00275216966924507001866789281838786427
]
[9, 
0.00240009188023258194334450373151894346
]
[6, 
0.00255773709605419784640690641209402628
]
[81, 
0.00282258872124517696032657598857512705
]
[84, 
0.00318480126573157755124792796129006463
]
[86, 
0.00299539249418225876321416469585408847
]
[87, 
0.00285852900002428916650795276438197356
]
[91, 
0.0030948165580123588845910204586427659
]
[93, 
0.00309594122071402605016640385578979733
]
[94, 
0.00316398264855868326516259743346560477
]
]