[
[3, 3312.79]
[4, 4326.13]
[5, 21225]
[6, 14549.2]
[7, 37310.5]
[8, 25098.1]
[9, 43267.2]
[10, 45764.7]
[11, 107817]
[12, 73765.3]
[13, 159268]
[14, 104121]
[15, 221954]
[16, 139218]
[17, 299955]
[18, 182651]
[19, 388713]
[20, 231624]
[21, 477597]
[22, 286534]
[23, 557713]
[24, 349312]
[25, 615792]
[26, 415984]
[27, 762278]
[28, 490372]
[29, 869072]
[30, 571843]
[31, 1.01194e+06]
[32, 657709]
[33, 1.15225e+06]
[34, 747366]
[35, 1.28922e+06]
[36, 850117]
[37, 1.49855e+06]
[38, 948350]
[39, 1.62122e+06]
[40, 1.05693e+06]
[41, 1.83157e+06]
[42, 1.18372e+06]
[43, 2.04629e+06]
[44, 1.30627e+06]
[45, 2.26401e+06]
[46, 1.45591e+06]
[47, 2.48138e+06]
[48, 1.62541e+06]
[49, 2.69844e+06]
[50, 1.79965e+06]
[51, 3.14651e+06]
[52, 1.95953e+06]
[53, 3.3379e+06]
[54, 2.09992e+06]
[55, 3.55479e+06]
[56, 2.29768e+06]
[57, 4.09005e+06]
[58, 2.46856e+06]
[59, 4.23832e+06]
[60, 2.6612e+06]
[61, 4.43378e+06]
[62, 2.85693e+06]
[63, 5.00078e+06]
[64, 3.05632e+06]
[65, 5.12737e+06]
[66, 3.26757e+06]
[67, 5.68045e+06]
[68, 3.49469e+06]
[69, 6.28918e+06]
[70, 3.72903e+06]
[71, 6.45377e+06]
[72, 3.9245e+06]
[73, 7.30672e+06]
[74, 4.18962e+06]
[75, 7.02163e+06]
[76, 4.45117e+06]
[77, 7.80255e+06]
[78, 4.74889e+06]
[79, 8.63808e+06]
[80, 4.98251e+06]
[81, 8.92377e+06]
[82, 5.30033e+06]
[83, 8.94241e+06]
[84, 5.55738e+06]
[85, 9.62763e+06]
[86, 5.8583e+06]
[87, 1.04068e+07]
[88, 6.09751e+06]
[89, 9.71672e+06]
[90, 6.45486e+06]
[91, 1.04798e+07]
[92, 6.72852e+06]
[93, 1.11564e+07]
[94, 7.13124e+06]
[95, 1.15403e+07]
[96, 7.41016e+06]
[97, 1.27819e+07]
[98, 7.72944e+06]
[99, 1.12449e+07]
]
