[
[3, 1104.26]
[4, 1081.53]
[5, 4245]
[6, 2424.87]
[7, 5330.07]
[8, 3137.26]
[9, 4807.47]
[10, 4576.47]
[11, 9801.51]
[12, 6147.11]
[13, 12251.4]
[14, 7437.24]
[15, 14797]
[16, 8701.15]
[17, 17644.4]
[18, 10147.3]
[19, 20458.6]
[20, 11581.2]
[21, 22742.7]
[22, 13024.3]
[23, 24248.4]
[24, 14554.6]
[25, 24631.7]
[26, 15999.4]
[27, 28232.5]
[28, 17513.3]
[29, 29968]
[30, 19061.4]
[31, 32643.3]
[32, 20553.4]
[33, 34916.7]
[34, 21981.3]
[35, 36834.8]
[36, 23614.4]
[37, 40501.5]
[38, 24956.6]
[39, 41569.8]
[40, 26423.2]
[41, 44672.4]
[42, 28183.9]
[43, 47588.1]
[44, 29688]
[45, 50311.3]
[46, 31650.3]
[47, 52795.4]
[48, 33862.7]
[49, 55070.1]
[50, 35993]
[51, 61696.3]
[52, 37683.3]
[53, 62979.3]
[54, 38887.3]
[55, 64632.5]
[56, 41030]
[57, 71755.2]
[58, 42561.4]
[59, 71836]
[60, 44353.3]
[61, 72684.9]
[62, 46079.4]
[63, 79377.4]
[64, 47755.1]
[65, 78882.6]
[66, 49508.6]
[67, 84782.9]
[68, 51392.5]
[69, 91147.5]
[70, 53271.9]
[71, 90898.1]
[72, 54507]
[73, 100092]
[74, 56616.5]
[75, 93621.8]
[76, 58568.1]
[77, 101332]
[78, 60883.3]
[79, 109343]
[80, 62281.3]
[81, 110170]
[82, 64638.2]
[83, 107740]
[84, 66159.3]
[85, 113266]
[86, 68119.7]
[87, 119618]
[88, 69289.9]
[89, 109177]
[90, 71720.7]
[91, 115163]
[92, 73136.1]
[93, 119962]
[94, 75864.3]
[95, 121477]
[96, 77189.2]
[97, 131773]
[98, 78871.8]
[99, 113585]
]
