[
[3, 
0.0019027190692002332
]
[5, 
0.0017812733156844552
]
[7, 
0.0016220821691217792
]
[8, 
0.001579264642368634
]
[10, 
0.0015374763845504445
]
[11, 
0.001522400715556368
]
[14, 
0.0014684470016168968
]
[16, 
0.0015125950510747055
]
[17, 
0.0014615189244706933
]
[18, 
0.0014561124730061215
]
[19, 
0.0014417642927389103
]
[20, 
0.0014354984700121031
]
[23, 
0.001425970527940559
]
[25, 
0.0014202190814436308
]
[26, 
0.0014174443995940787
]
[28, 
0.0013898817562801196
]
[29, 
0.001382823379503196
]
[38, 
0.0013874865301065668
]
[40, 
0.0013901678819531367
]
[42, 
0.001396091120307066
]
[44, 
0.0014059481331014673
]
[45, 
0.0014085134967840656
]
[47, 
0.0014162043644711396
]
[48, 
0.0014324277397803513
]
[49, 
0.0014151216638478212
]
[50, 
0.0013943697211642315
]
[51, 
0.0014076638825282963
]
[55, 
0.0014099694882832668
]
[61, 
0.0014232046353740884
]
[63, 
0.0014606655959533003
]
[67, 
0.001481087245720555
]
[68, 
0.001451242104200062
]
[71, 
0.0014706526353226133
]
[73, 
0.0014780771709876355
]
[74, 
0.0014668277983037527
]
[75, 
0.0014780039450484495
]
[79, 
0.001492691851372988
]
[82, 
0.0015639919782327993
]
[83, 
0.0015547078184836784
]
[85, 
0.001510684146419499
]
[88, 
0.0015862055034244831
]
[89, 
0.0015937100602767414
]
[90, 
0.0015817945554259631
]
[92, 
0.0016037489746380258
]
[95, 
0.0016430527733437112
]
[96, 
0.0016555321547889648
]
[97, 
0.0015434321507413432
]
[98, 
0.0015436269105139964
]
[99, 
0.0015495788778460242
]
[70, 
0.0014705957568544382
]
[39, 
0.0013911455389751587
]
[15, 
0.0014744252804171176
]
[24, 
0.0014094241489732966
]
[31, 
0.0013882576511447802
]
[54, 
0.0014415128283839069
]
[64, 
0.0014803415851614619
]
[32, 
0.0013886815539723557
]
[62, 
0.0014246849952117813
]
[80, 
0.0014960839593855752
]
[59, 
0.0014622765283034617
]
[72, 
0.0014753777508923652
]
[27, 
0.001418489909018743
]
[30, 
0.001383731831626547
]
[65, 
0.001462002174892739
]
[60, 
0.0014664979117667448
]
[43, 
0.0014007631849007013
]
[58, 
0.0014169490872290278
]
[37, 
0.001392090105021612
]
[41, 
0.001392609622668424
]
[33, 
0.0013878863496408701
]
[77, 
0.0015485418958435168
]
[36, 
0.0013877730200564467
]
[12, 
0.001504192734950862
]
[76, 
0.0015542404553010305
]
[22, 
0.0014277039164166646
]
[52, 
0.0014030878513739376
]
[56, 
0.0014129345653947235
]
[69, 
0.0014809459734508935
]
[46, 
0.001413886552258813
]
[13, 
0.0014935579829827097
]
[53, 
0.0014135260773878433
]
[35, 
0.0013895699226819846
]
[34, 
0.0013884047197962072
]
[57, 
0.0014137295931896364
]
[21, 
0.001431605473275649
]
[66, 
0.0014309930042211076
]
[4, 
0.0017871494205803629
]
[78, 
0.001465386670473478
]
[9, 
0.0015482172407413114
]
[6, 
0.0016518388878227126
]
[81, 
0.0014967911048606598
]
[84, 
0.0016246946688550858
]
[86, 
0.0015684090862823111
]
[87, 
0.0015098518372376943
]
[91, 
0.0016087197014665365
]
[93, 
0.001608403360189208
]
[94, 
0.00163571720930181
]
]