[
[3, 3.86485e-05]
[4, 2.83321e-05]
[5, 1.85409e-05]
[6, 1.45139e-05]
[7, 9.65816e-06]
[8, 7.45859e-06]
[9, 5.76416e-06]
[10, 5.4582e-06]
[11, 4.49606e-06]
[12, 3.76041e-06]
[13, 3.25423e-06]
[14, 2.83122e-06]
[15, 2.47695e-06]
[16, 2.20611e-06]
[17, 1.95887e-06]
[18, 1.7447e-06]
[19, 1.58933e-06]
[20, 1.44438e-06]
[21, 1.32076e-06]
[22, 1.21489e-06]
[23, 1.11853e-06]
[24, 1.02775e-06]
[25, 9.59351e-07]
[26, 8.93554e-07]
[27, 8.34339e-07]
[28, 7.843e-07]
[29, 7.35573e-07]
[30, 6.90336e-07]
[31, 6.53205e-07]
[32, 6.17631e-07]
[33, 5.84852e-07]
[34, 5.57243e-07]
[35, 5.29389e-07]
[36, 5.02177e-07]
[37, 4.80086e-07]
[38, 4.59585e-07]
[39, 4.39735e-07]
[40, 4.22069e-07]
[41, 4.04081e-07]
[42, 3.87312e-07]
[43, 3.73751e-07]
[44, 3.59841e-07]
[45, 3.47063e-07]
[46, 3.35015e-07]
[47, 3.23016e-07]
[48, 3.11689e-07]
[49, 3.02026e-07]
[50, 2.90905e-07]
[51, 2.83607e-07]
[52, 2.75126e-07]
[53, 2.66771e-07]
[54, 2.59019e-07]
[55, 2.52149e-07]
[56, 2.45051e-07]
[57, 2.38554e-07]
[58, 2.31999e-07]
[59, 2.26582e-07]
[60, 2.2e-07]
[61, 2.15357e-07]
[62, 2.09976e-07]
[63, 2.05287e-07]
[64, 2.00655e-07]
[65, 1.95957e-07]
[66, 1.91347e-07]
[67, 1.83147e-07]
[68, 1.83329e-07]
[69, 1.43344e-07]
[70, 1.76394e-07]
[71, 1.7268e-07]
[72, 1.68838e-07]
[73, 1.5538e-07]
[74, 1.63046e-07]
[75, 1.59946e-07]
[76, 1.49661e-07]
[77, 1.41986e-07]
[78, 1.5162e-07]
[79, 1.4873e-07]
[80, 1.465e-07]
[81, 1.41209e-07]
[82, 1.40964e-07]
[83, 1.39548e-07]
[84, 1.01285e-07]
[85, 1.32972e-07]
[86, 1.30991e-07]
[87, 1.3103e-07]
[88, 1.17697e-07]
[89, 1.26399e-07]
[90, 1.23413e-07]
[91, 1.24058e-07]
[92, 1.19556e-07]
[93, 1.1695e-07]
[94, 1.17325e-07]
[95, 1.00169e-07]
[96, 1.1229e-07]
[97, 1.14528e-07]
[98, 1.08599e-07]
[99, 1.11451e-07]
]
