[
[3, 
0.2111708301963472
]
[5, 
0.21518609459882118
]
[7, 
0.2094047296417362
]
[8, 
0.20693760259461788
]
[10, 
0.210151198356354
]
[11, 
0.2092014525762802
]
[14, 
0.20713404767381102
]
[16, 
0.2061542104217011
]
[17, 
0.20575205049982626
]
[18, 
0.20537814362014528
]
[19, 
0.20506632816807982
]
[20, 
0.20477183038542937
]
[23, 
0.20403669612879413
]
[25, 
0.2036410070031063
]
[26, 
0.20346852059688664
]
[28, 
0.20315755224752804
]
[29, 
0.2030128840958564
]
[38, 
0.2020607641913093
]
[40, 
0.20190902213041087
]
[42, 
0.20177643123282327
]
[44, 
0.20164087482183804
]
[45, 
0.20158117934926778
]
[47, 
0.201471727894202
]
[48, 
0.20141875412719792
]
[49, 
0.20136512756054792
]
[50, 
0.20132422032661348
]
[51, 
0.20127281475879286
]
[55, 
0.20110434623872828
]
[61, 
0.20089236384181858
]
[63, 
0.20083093039887476
]
[67, 
0.20072761597263425
]
[68, 
0.20068664566355301
]
[71, 
0.20061725402405473
]
[73, 
0.2005377386244203
]
[74, 
0.2005507363795524
]
[75, 
0.20052927851331867
]
[79, 
0.20045184332717356
]
[82, 
0.20039030760527993
]
[83, 
0.20037472863288833
]
[85, 
0.20032079724845828
]
[88, 
0.2002786186244803
]
[89, 
0.20027137033165462
]
[90, 
0.2002421360979113
]
[92, 
0.20022709888415352
]
[95, 
0.20012868943310957
]
[96, 
0.20016724546363918
]
[97, 
0.20017043445823804
]
[98, 
0.20009908928198314
]
[99, 
0.20013823051613075
]
[70, 
0.20064262732987673
]
[39, 
0.20198135668247738
]
[15, 
0.20661214073455728
]
[24, 
0.2038309844526737
]
[31, 
0.20275576863111666
]
[54, 
0.20114382050742013
]
[64, 
0.2008011946572062
]
[32, 
0.20263611053519776
]
[62, 
0.20086355478685453
]
[80, 
0.2004293722895202
]
[59, 
0.2009578760223942
]
[72, 
0.20058860311837606
]
[27, 
0.20330408604415273
]
[30, 
0.2028752288007335
]
[65, 
0.2007729210569439
]
[60, 
0.20093638478344258
]
[43, 
0.2017020672968511
]
[58, 
0.20100533336342197
]
[37, 
0.20213944674274512
]
[41, 
0.20183742024390172
]
[33, 
0.2025193646386001
]
[77, 
0.20046435548559283
]
[36, 
0.2022306728410738
]
[12, 
0.2084155204083775
]
[76, 
0.2005157472692182
]
[22, 
0.20426045508383975
]
[52, 
0.20123154026239037
]
[56, 
0.2010669409150941
]
[69, 
0.20091194957541855
]
[46, 
0.20152407410993065
]
[13, 
0.20772410192651833
]
[53, 
0.2011857636122483
]
[35, 
0.2023281173599817
]
[34, 
0.2024320941591144
]
[57, 
0.20102992308354686
]
[21, 
0.20450472608101672
]
[66, 
0.20073557464318803
]
[4, 
0.21156339270691382
]
[78, 
0.20046837568256298
]
[9, 
0.20507884798164677
]
[6, 
0.21677438578941963
]
[81, 
0.20039829661688238
]
[84, 
0.20020761450651126
]
[86, 
0.20032815593443049
]
[87, 
0.20031144048446853
]
[91, 
0.20024985851735708
]
[93, 
0.20021801720207377
]
[94, 
0.2002085343123984
]
]